8213
8830
8962
9071
9168
9211
9245
9306
9362
9423
9447
9439
9501
9504
9517
9541
9564
9574
9566
9597
9601
9626
9605
9646
9642
9639
9642
9644
9665
9661
9666
9660
9655
9657
9670
9680
9677
9683
9677
9672
9673
9681
9687
9684
9681
9675
9677
9679
9679
9686
9681
9682
9686
9691
9691
9683
9687
9688
9685
9692
9683
9687
9688
9690
9691
9690
9689
9688
9687
9690
9690
9684
9688
9682
9691
9691
9698
9695
9689
9690
9691
9694
9689
9689
9696
9692
9687
9687
9696
9692
9692
9689
9693
9688
9694
9696
9695
9697
9694
9692
9692
9691
9689
9695
9693
9694
9700
9698
9693
9690
9694
9697
9694
9698
9695
9697
9697
9700
9700
9696
9696
9698
9695
9697
9699
9699
9701
9699
9700
9701
9696
9698
9694
9697
9699
9700
9702
9702
9708
9701
9703
9701
9709
9705
9701
9706
9705
9703
9705
9703
9699
9707
9706
9705
9703
9709
9707
9704
9706
9704
9709
9708
9706
9706
9707
9705
9705
9705
9709
9706
9709
9707
9710
9708
9709
9707
9709
9710
9710
9707
9708
9706
9702
9708
9713
9711
9707
9711
9709
9711
9708
9709
9709
9706
9707
9706
9710
9711
9709
9713
9714
9714
9714
9714
9712
9714
9713
9710
9708
9713
9710
9707
9706
9713
9714
9713
9708
9713
9709
9708
9713
9711
9714
9712
9708
9711
9712
9711
9711
9713
9711
9710
9711
9710
9709
9713
9714
9712
9713
9710
9710
9713
9713
9714
9710
9716
9714
9714
9714
9712
9709
9711
9711
9710
9710
9715
9712
9713
9707
9710
9712
9712
9713
9715
9714
9716
9714
9709
9713
9711
9709
9713
9710
9716
9720
9714
9716
9713
9712
9716
9718
9717
9714
9714
9716
9718
9717
9716
9716
9715
9713
9715
9717
9717
9715
9716
9714
9715
9714
9718
9715
9714
9715
9711
9716
9714
9716
9713
9715
9721
9720
9715
9719
9718
9715
9714
9715
9721
9719
9718
9720
9717
9719
9714
9724
9718
9715
9721
9718
9720
9722
9718
9722
9720
9719
9721
9724
9726
9721
9717
9718
9722
9720
9724
9723
9720
9724
9722
9724
9725
9729
9728
9723
9723
9726
9723
9725
9723
9722
9727
9726
9726
9726
9726
9725
9723
9722
9723
9719
9718
9720
9723
9724
9724
9728
9724
9721
9725
9723
9722
9726
9724
9727
9726
9724
9726
9723
9722
9720
9723
9726
9723
9726
9728
9728
9728
9726
9725
9726
9725
9727
9728
9723
9725
9726
9727
9726
9722
9724
9725
9722
9728
9731
9725
9723
9724
9725
9721
9724
9725
9729
9726
9727
9728
9729
9728
9729
9730
9728
9730
9728
9727
9725
9725
9728
9723
9726
9726
9725
9724
9727
9725
9726
9727
9727
9722
9730
9727
9727
9731
9727
9727
9723
9723
9725
9725
9724
9725
9726
9724
9724
9723
9727
9728
9727
9726
9729
9728
9727
9725
9727
9726
9723
9728
9727
9728
9729
9729
9727
9731
9731
9727
9730
9730
9730
9730
9729
9730
9725
9729
9724
9725
9724
9731
9733
9733
9731
9729
9729
9732
9732
9728
9727
9728
9727
9727
9724
9723
9727
9730
9728
9727
9730
9728
9730
9734
9729
9731
9729
9731
9731
9731
9732
9729
9732
9733
9734
9732
9733
9727
9732
9732
9731
9732
9726
9730
9730
9732
9735
9730
9732
9733
9730
9731
9730
9732
9732
9734
9731
9734
9731
9734
9731
9729
9730
9728
9729
9726
9729
9729
9727
9730
9733
9728
9733
9735
9733
9732
9733
9733
9736
9735
9732
9731
9733
9736
9733
9730
9732
9731
9729
9731
9731
9729
9735
9731
9732
9730
9732
9728
9732
9728
9726
9729
9727
9729
9729
9728
9729
9732
9729
9731
9733
9732
9731
9732
9734
9732
9733
9735
9734
9736
9736
9735
9732
9733
9731
9735
9731
9732
9733
9734
9733
9730
9733
9734
9734
9735
9735
9734
9735
9736
9733
9736
9732
9728
9728
9729
9728
9729
9729
9731
9729
9733
9733
9734
9734
9733
9734
9734
9734
9732
9731
9733
9732
9729
9730
9731
9733
9730
9730
9729
9731
9731
9732
9731
9733
9731
9731
9729
9733
9733
9730
9730
9733
9729
9736
9736
9733
9735
9732
9731
9734
9731
9730
9732
9733
9732
9728
9732
9733
9734
9736
9734
9734
9733
9733
9736
9730
9729
9729
9733
9731
9739
9734
9732
9734
9735
9733
9732
9735
9735
9737
9733
9735
9736
9730
9732
9729
9731
9734
9732
9735
9735
9736
9736
9735
9734
9736
9735
9733
9735
9737
9732
9733
9734
9733
9734
9735
9733
9737
9731
9736
9735
9737
9737
9733
9735
9735
9735
9733
9736
9733
9735
9734
9731
9731
9733
9734
9736
9735
9731
9733
9728
9735
9733
9733
9735
9738
9737
9737
9736
9737
9731
9733
9733
9736
9735
9734
9739
9738
9734
9731
9735
9736
9738
9734
9734
9739
9736
9737
9737
9738
9734
9737
9738
9733
9735
9735
9731
9731
9732
9733
9733
9733
9730
9734
9733
9736
9735
9736
9735
9733
9733
9734
9736
9734
9734
9730
9733
9733
9734
9731
9732
9735
9733
9734
9733
9734
9733
9735
9733
9734
9736
9735
9737
9738
9737
9735
9739
9736
9735
9735
9737
9738
9740
9737
9737
9737
9734
9735
9735
9735
9737
9738
9731
9734
9733
9734
9736
9732
9738
9735
9735
9736
9735
9735
9735
9737
9737
9736
9737
9739
9737
9735
9740
9739
9736
9737
9738
9740
9737
9737
9732
9738
9737
9735
9735
9739
9735
9732
9732
9735
9737
9738
9737
9735
9735
9736
9736
9739
9737
9741
9739
9737
9738
